sample.dataframe <-
structure(list(numbers = c(0.820825658428667, 1.01059847426053, 
-0.624628566814948, 1.2317902604725, -0.184701273453993, 0.0546822182042149, 
0.432270885127382, 0.896051828719174, 0.269557346482758, 0.897948976448482, 
-0.846651162280638, -0.864749123691497, 2.75272231816235, -0.43127099491505, 
-0.337567314801971, -0.0137721805846456, 0.648483426038305, -1.35082326130383, 
-0.480822497307659, 0.250142468820035), factors_yepNo = structure(c(2L, 
1L, 2L, 2L, 2L, 2L, 2L, 2L, 2L, 1L, 2L, 1L, 1L, 1L, 2L, 2L, 2L, 
2L, 1L, 1L), .Label = c("no", "yes"), class = "factor"), names.Ghana = structure(c(5L, 
8L, 4L, 8L, 5L, 6L, 5L, 3L, 1L, 2L, 6L, 3L, 7L, 2L, 3L, 5L, 2L, 
8L, 4L, 5L), .Label = c("Abena", "Akos", "Akua", "Ama", "Efia", 
"Kofi", "Kojo", "Serwah"), class = "factor")), class = "data.frame", row.names = c(NA, 
-20L))
sample.list <-
list(numbers = c(0.820825658428667, 1.01059847426053, -0.624628566814948, 
1.2317902604725, -0.184701273453993, 0.0546822182042149, 0.432270885127382, 
0.896051828719174, 0.269557346482758, 0.897948976448482, -0.846651162280638, 
-0.864749123691497, 2.75272231816235, -0.43127099491505, -0.337567314801971, 
-0.0137721805846456, 0.648483426038305, -1.35082326130383, -0.480822497307659, 
0.250142468820035), factors_yepNo = c("yes", "no", "yes", "yes", 
"yes", "yes", "yes", "yes", "yes", "no", "yes", "no", "no", "no", 
"yes", "yes", "yes", "yes", "no", "no"), names.Ghana = c("Efia", 
"Serwah", "Ama", "Serwah", "Efia", "Kofi", "Efia", "Akua", "Abena", 
"Akos", "Kofi", "Akua", "Kojo", "Akos", "Akua", "Efia", "Akos", 
"Serwah", "Ama", "Efia"))
m <-
structure(1:4, .Dim = c(2L, 2L), .Dimnames = list(c("a", "b"), 
    c("c", "d")))
